% Lists absorption spectra [cm^-1] vs wavelength (lambda [nm]).
%  (note: fat absorption = 1e-4 is where no data was available.
% lambda	oxy	deoxy	water	fat	mel [cm^-1] 
300	3.53e+02	3.45e+02	6.70e-03	1.00e-04	3.72e+03
301	3.46e+02	3.37e+02	6.60e-03	1.00e-04	3.68e+03
302	3.38e+02	3.28e+02	6.50e-03	1.00e-04	3.64e+03
303	3.35e+02	3.22e+02	6.40e-03	1.00e-04	3.60e+03
304	3.32e+02	3.15e+02	6.30e-03	1.00e-04	3.56e+03
305	3.33e+02	3.10e+02	6.20e-03	1.00e-04	3.52e+03
306	3.34e+02	3.05e+02	6.10e-03	1.00e-04	3.48e+03
307	3.35e+02	3.07e+02	5.99e-03	1.00e-04	3.45e+03
308	3.37e+02	3.09e+02	5.89e-03	1.00e-04	3.41e+03
309	3.38e+02	3.13e+02	5.79e-03	1.00e-04	3.37e+03
310	3.39e+02	3.17e+02	5.69e-03	1.00e-04	3.34e+03
311	3.46e+02	3.25e+02	5.59e-03	1.00e-04	3.30e+03
312	3.53e+02	3.33e+02	5.49e-03	1.00e-04	3.27e+03
313	3.61e+02	3.42e+02	5.39e-03	1.00e-04	3.23e+03
314	3.70e+02	3.50e+02	5.29e-03	1.00e-04	3.20e+03
315	3.79e+02	3.58e+02	5.19e-03	1.00e-04	3.16e+03
316	3.88e+02	3.66e+02	5.09e-03	1.00e-04	3.13e+03
317	3.96e+02	3.74e+02	4.99e-03	1.00e-04	3.10e+03
318	4.04e+02	3.81e+02	4.89e-03	1.00e-04	3.07e+03
319	4.13e+02	3.90e+02	4.78e-03	1.00e-04	3.03e+03
320	4.22e+02	3.99e+02	4.68e-03	1.00e-04	3.00e+03
321	4.31e+02	4.09e+02	4.58e-03	1.00e-04	2.97e+03
322	4.40e+02	4.19e+02	4.48e-03	1.00e-04	2.94e+03
323	4.50e+02	4.29e+02	4.38e-03	1.00e-04	2.91e+03
324	4.60e+02	4.39e+02	4.28e-03	1.00e-04	2.88e+03
325	4.71e+02	4.49e+02	4.18e-03	1.00e-04	2.85e+03
326	4.81e+02	4.58e+02	4.11e-03	1.00e-04	2.82e+03
327	4.91e+02	4.66e+02	4.03e-03	1.00e-04	2.79e+03
328	5.02e+02	4.74e+02	3.96e-03	1.00e-04	2.76e+03
329	5.12e+02	4.80e+02	3.88e-03	1.00e-04	2.74e+03
330	5.22e+02	4.87e+02	3.81e-03	1.00e-04	2.71e+03
331	5.31e+02	4.93e+02	3.74e-03	1.00e-04	2.68e+03
332	5.41e+02	4.99e+02	3.66e-03	1.00e-04	2.66e+03
333	5.47e+02	5.05e+02	3.59e-03	1.00e-04	2.63e+03
334	5.54e+02	5.12e+02	3.51e-03	1.00e-04	2.60e+03
335	5.58e+02	5.23e+02	3.44e-03	1.00e-04	2.58e+03
336	5.62e+02	5.34e+02	3.37e-03	1.00e-04	2.55e+03
337	5.66e+02	5.47e+02	3.29e-03	1.00e-04	2.53e+03
338	5.70e+02	5.59e+02	3.22e-03	1.00e-04	2.50e+03
339	5.74e+02	5.70e+02	3.14e-03	1.00e-04	2.48e+03
340	5.78e+02	5.81e+02	3.07e-03	1.00e-04	2.45e+03
341	5.81e+02	5.88e+02	3.00e-03	1.00e-04	2.43e+03
342	5.84e+02	5.94e+02	2.92e-03	1.00e-04	2.41e+03
343	5.87e+02	6.01e+02	2.85e-03	1.00e-04	2.38e+03
344	5.90e+02	6.08e+02	2.77e-03	1.00e-04	2.36e+03
345	5.87e+02	6.15e+02	2.70e-03	1.00e-04	2.34e+03
346	5.84e+02	6.21e+02	2.63e-03	1.00e-04	2.31e+03
347	5.81e+02	6.29e+02	2.55e-03	1.00e-04	2.29e+03
348	5.78e+02	6.36e+02	2.48e-03	1.00e-04	2.27e+03
349	5.74e+02	6.45e+02	2.40e-03	1.00e-04	2.25e+03
350	5.71e+02	6.54e+02	2.33e-03	1.00e-04	2.23e+03
351	5.67e+02	6.63e+02	2.28e-03	1.00e-04	2.21e+03
352	5.62e+02	6.72e+02	2.24e-03	1.00e-04	2.19e+03
353	5.59e+02	6.81e+02	2.19e-03	1.00e-04	2.16e+03
354	5.55e+02	6.90e+02	2.14e-03	1.00e-04	2.14e+03
355	5.50e+02	6.99e+02	2.10e-03	1.00e-04	2.12e+03
356	5.44e+02	7.07e+02	2.05e-03	1.00e-04	2.10e+03
357	5.34e+02	7.12e+02	2.01e-03	1.00e-04	2.09e+03
358	5.24e+02	7.16e+02	1.96e-03	1.00e-04	2.07e+03
359	5.16e+02	7.19e+02	1.91e-03	1.00e-04	2.05e+03
360	5.07e+02	7.23e+02	1.87e-03	1.00e-04	2.03e+03
361	5.01e+02	7.26e+02	1.82e-03	1.00e-04	2.01e+03
362	4.94e+02	7.28e+02	1.77e-03	1.00e-04	1.99e+03
363	4.88e+02	7.31e+02	1.73e-03	1.00e-04	1.97e+03
364	4.81e+02	7.33e+02	1.68e-03	1.00e-04	1.95e+03
365	4.77e+02	7.36e+02	1.63e-03	1.00e-04	1.94e+03
366	4.74e+02	7.38e+02	1.59e-03	1.00e-04	1.92e+03
367	4.71e+02	7.41e+02	1.54e-03	1.00e-04	1.90e+03
368	4.69e+02	7.44e+02	1.49e-03	1.00e-04	1.88e+03
369	4.70e+02	7.47e+02	1.45e-03	1.00e-04	1.87e+03
370	4.72e+02	7.50e+02	1.40e-03	1.00e-04	1.85e+03
371	4.81e+02	7.52e+02	1.36e-03	1.00e-04	1.83e+03
372	4.90e+02	7.55e+02	1.31e-03	1.00e-04	1.82e+03
373	5.00e+02	7.58e+02	1.26e-03	1.00e-04	1.80e+03
374	5.09e+02	7.61e+02	1.22e-03	1.00e-04	1.79e+03
375	5.20e+02	7.64e+02	1.17e-03	1.00e-04	1.77e+03
376	5.30e+02	7.67e+02	1.15e-03	1.00e-04	1.75e+03
377	5.42e+02	7.70e+02	1.12e-03	1.00e-04	1.74e+03
378	5.54e+02	7.73e+02	1.10e-03	1.00e-04	1.72e+03
379	5.70e+02	7.76e+02	1.08e-03	1.00e-04	1.71e+03
380	5.87e+02	7.78e+02	1.05e-03	1.00e-04	1.69e+03
381	6.07e+02	7.78e+02	1.03e-03	1.00e-04	1.68e+03
382	6.26e+02	7.78e+02	1.00e-03	1.00e-04	1.66e+03
383	6.49e+02	7.87e+02	9.81e-04	1.00e-04	1.65e+03
384	6.72e+02	7.96e+02	9.58e-04	1.00e-04	1.64e+03
385	6.98e+02	8.10e+02	9.34e-04	1.00e-04	1.62e+03
386	7.24e+02	8.24e+02	9.10e-04	1.00e-04	1.61e+03
387	7.58e+02	8.39e+02	8.87e-04	1.00e-04	1.59e+03
388	7.93e+02	8.54e+02	8.63e-04	1.00e-04	1.58e+03
389	8.46e+02	8.76e+02	8.40e-04	1.00e-04	1.57e+03
390	8.98e+02	8.98e+02	8.16e-04	1.00e-04	1.55e+03
391	9.57e+02	9.31e+02	7.92e-04	1.00e-04	1.54e+03
392	1.02e+03	9.64e+02	7.69e-04	1.00e-04	1.53e+03
393	1.08e+03	9.95e+02	7.45e-04	1.00e-04	1.51e+03
394	1.14e+03	1.03e+03	7.22e-04	1.00e-04	1.50e+03
395	1.19e+03	1.05e+03	6.98e-04	1.00e-04	1.49e+03
396	1.24e+03	1.08e+03	6.74e-04	1.00e-04	1.48e+03
397	1.29e+03	1.11e+03	6.51e-04	1.00e-04	1.46e+03
398	1.33e+03	1.14e+03	6.27e-04	1.00e-04	1.45e+03
399	1.38e+03	1.17e+03	6.04e-04	1.00e-04	1.44e+03
400	1.43e+03	1.20e+03	5.80e-04	1.00e-04	1.43e+03
401	1.47e+03	1.23e+03	5.72e-04	1.00e-04	1.42e+03
402	1.52e+03	1.26e+03	5.64e-04	1.00e-04	1.40e+03
403	1.59e+03	1.31e+03	5.56e-04	1.00e-04	1.39e+03
404	1.65e+03	1.36e+03	5.48e-04	1.00e-04	1.38e+03
405	1.77e+03	1.40e+03	5.40e-04	1.00e-04	1.37e+03
406	1.90e+03	1.45e+03	5.32e-04	1.00e-04	1.36e+03
407	2.08e+03	1.49e+03	5.24e-04	1.00e-04	1.35e+03
408	2.26e+03	1.54e+03	5.16e-04	1.00e-04	1.34e+03
409	2.38e+03	1.58e+03	5.08e-04	1.00e-04	1.33e+03
410	2.50e+03	1.63e+03	5.00e-04	1.00e-04	1.32e+03
411	2.59e+03	1.67e+03	4.92e-04	1.00e-04	1.30e+03
412	2.68e+03	1.72e+03	4.84e-04	1.00e-04	1.29e+03
413	2.74e+03	1.78e+03	4.76e-04	1.00e-04	1.28e+03
414	2.81e+03	1.83e+03	4.68e-04	1.00e-04	1.27e+03
415	2.80e+03	1.89e+03	4.60e-04	1.00e-04	1.26e+03
416	2.79e+03	1.95e+03	4.52e-04	1.00e-04	1.25e+03
417	2.78e+03	2.01e+03	4.44e-04	1.00e-04	1.24e+03
418	2.76e+03	2.07e+03	4.36e-04	1.00e-04	1.23e+03
419	2.67e+03	2.12e+03	4.28e-04	1.00e-04	1.22e+03
420	2.57e+03	2.18e+03	4.20e-04	1.00e-04	1.21e+03
421	2.44e+03	2.24e+03	4.12e-04	1.00e-04	1.20e+03
422	2.31e+03	2.30e+03	4.04e-04	1.00e-04	1.19e+03
423	2.16e+03	2.39e+03	3.96e-04	1.00e-04	1.19e+03
424	2.01e+03	2.47e+03	3.88e-04	1.00e-04	1.18e+03
425	1.88e+03	2.52e+03	3.80e-04	1.00e-04	1.17e+03
426	1.75e+03	2.58e+03	3.76e-04	1.00e-04	1.16e+03
427	1.63e+03	2.63e+03	3.72e-04	1.00e-04	1.15e+03
428	1.52e+03	2.68e+03	3.68e-04	1.00e-04	1.14e+03
429	1.42e+03	2.76e+03	3.64e-04	1.00e-04	1.13e+03
430	1.32e+03	2.83e+03	3.60e-04	1.00e-04	1.12e+03
431	1.23e+03	2.89e+03	3.56e-04	1.00e-04	1.11e+03
432	1.15e+03	2.96e+03	3.52e-04	1.00e-04	1.11e+03
433	1.02e+03	2.96e+03	3.48e-04	1.00e-04	1.10e+03
434	8.85e+02	2.96e+03	3.44e-04	1.00e-04	1.09e+03
435	7.98e+02	2.94e+03	3.40e-04	1.00e-04	1.08e+03
436	7.11e+02	2.93e+03	3.36e-04	1.00e-04	1.07e+03
437	6.75e+02	2.81e+03	3.32e-04	1.00e-04	1.06e+03
438	6.38e+02	2.69e+03	3.28e-04	1.00e-04	1.06e+03
439	5.94e+02	2.45e+03	3.24e-04	1.00e-04	1.05e+03
440	5.49e+02	2.21e+03	3.20e-04	1.00e-04	1.04e+03
441	5.23e+02	2.08e+03	3.16e-04	1.00e-04	1.03e+03
442	4.97e+02	1.95e+03	3.12e-04	1.00e-04	1.02e+03
443	4.66e+02	1.73e+03	3.08e-04	1.00e-04	1.02e+03
444	4.36e+02	1.51e+03	3.04e-04	1.00e-04	1.01e+03
445	4.22e+02	1.39e+03	3.00e-04	1.00e-04	1.00e+03
446	4.09e+02	1.27e+03	2.96e-04	1.00e-04	9.94e+02
447	3.84e+02	1.10e+03	2.92e-04	1.00e-04	9.86e+02
448	3.59e+02	9.28e+02	2.88e-04	1.00e-04	9.79e+02
449	3.48e+02	7.41e+02	2.84e-04	1.00e-04	9.72e+02
450	3.36e+02	5.53e+02	2.80e-04	1.00e-04	9.65e+02
451	3.26e+02	4.44e+02	2.79e-04	1.00e-04	9.57e+02
452	3.15e+02	3.35e+02	2.77e-04	1.00e-04	9.50e+02
453	3.01e+02	2.65e+02	2.76e-04	1.00e-04	9.43e+02
454	2.87e+02	1.94e+02	2.75e-04	1.00e-04	9.37e+02
455	2.76e+02	1.79e+02	2.73e-04	1.00e-04	9.30e+02
456	2.65e+02	1.64e+02	2.72e-04	1.00e-04	9.23e+02
457	2.60e+02	1.52e+02	2.71e-04	1.00e-04	9.16e+02
458	2.54e+02	1.39e+02	2.69e-04	1.00e-04	9.10e+02
459	2.46e+02	1.32e+02	2.68e-04	1.00e-04	9.03e+02
460	2.38e+02	1.25e+02	2.67e-04	1.00e-04	8.97e+02
461	2.30e+02	1.19e+02	2.65e-04	1.00e-04	8.90e+02
462	2.21e+02	1.12e+02	2.64e-04	1.00e-04	8.84e+02
463	2.17e+02	1.08e+02	2.63e-04	1.00e-04	8.77e+02
464	2.13e+02	1.03e+02	2.62e-04	1.00e-04	8.71e+02
465	2.06e+02	1.00e+02	2.60e-04	1.00e-04	8.65e+02
466	1.99e+02	9.71e+01	2.59e-04	1.00e-04	8.59e+02
467	1.93e+02	9.42e+01	2.58e-04	1.00e-04	8.53e+02
468	1.87e+02	9.12e+01	2.56e-04	1.00e-04	8.46e+02
469	1.82e+02	8.88e+01	2.55e-04	1.00e-04	8.40e+02
470	1.78e+02	8.65e+01	2.54e-04	1.00e-04	8.35e+02
471	1.74e+02	8.42e+01	2.52e-04	1.00e-04	8.29e+02
472	1.69e+02	8.20e+01	2.51e-04	1.00e-04	8.23e+02
473	1.65e+02	8.13e+01	2.50e-04	1.00e-04	8.17e+02
474	1.61e+02	8.06e+01	2.48e-04	1.00e-04	8.11e+02
475	1.58e+02	7.99e+01	2.47e-04	1.00e-04	8.06e+02
476	1.54e+02	7.92e+01	2.47e-04	1.00e-04	8.00e+02
477	1.51e+02	7.89e+01	2.47e-04	1.00e-04	7.94e+02
478	1.48e+02	7.85e+01	2.47e-04	1.00e-04	7.89e+02
479	1.46e+02	7.82e+01	2.47e-04	1.00e-04	7.83e+02
480	1.43e+02	7.79e+01	2.48e-04	1.00e-04	7.78e+02
481	1.40e+02	7.88e+01	2.48e-04	1.00e-04	7.73e+02
482	1.38e+02	7.97e+01	2.48e-04	1.00e-04	7.67e+02
483	1.36e+02	8.06e+01	2.48e-04	1.00e-04	7.62e+02
484	1.35e+02	8.15e+01	2.48e-04	1.00e-04	7.57e+02
485	1.33e+02	8.23e+01	2.48e-04	1.00e-04	7.52e+02
486	1.32e+02	8.32e+01	2.48e-04	1.00e-04	7.47e+02
487	1.31e+02	8.42e+01	2.48e-04	1.00e-04	7.41e+02
488	1.29e+02	8.51e+01	2.49e-04	1.00e-04	7.36e+02
489	1.28e+02	8.72e+01	2.49e-04	1.00e-04	7.31e+02
490	1.27e+02	8.93e+01	2.49e-04	1.00e-04	7.26e+02
491	1.25e+02	9.14e+01	2.49e-04	1.00e-04	7.22e+02
492	1.24e+02	9.35e+01	2.49e-04	1.00e-04	7.17e+02
493	1.22e+02	9.57e+01	2.49e-04	1.00e-04	7.12e+02
494	1.20e+02	9.78e+01	2.49e-04	1.00e-04	7.07e+02
495	1.19e+02	9.99e+01	2.49e-04	1.00e-04	7.02e+02
496	1.17e+02	1.02e+02	2.50e-04	1.00e-04	6.98e+02
497	1.15e+02	1.04e+02	2.50e-04	1.00e-04	6.93e+02
498	1.14e+02	1.07e+02	2.50e-04	1.00e-04	6.88e+02
499	1.13e+02	1.09e+02	2.50e-04	1.00e-04	6.84e+02
500	1.12e+02	1.12e+02	2.50e-04	1.00e-04	6.79e+02
501	1.11e+02	1.14e+02	2.53e-04	1.00e-04	6.75e+02
502	1.10e+02	1.17e+02	2.56e-04	1.00e-04	6.70e+02
503	1.10e+02	1.20e+02	2.58e-04	1.00e-04	6.66e+02
504	1.09e+02	1.22e+02	2.61e-04	1.00e-04	6.61e+02
505	1.08e+02	1.25e+02	2.64e-04	1.00e-04	6.57e+02
506	1.07e+02	1.27e+02	2.67e-04	1.00e-04	6.53e+02
507	1.07e+02	1.30e+02	2.70e-04	1.00e-04	6.48e+02
508	1.07e+02	1.33e+02	2.72e-04	1.00e-04	6.44e+02
509	1.07e+02	1.35e+02	2.75e-04	1.00e-04	6.40e+02
510	1.07e+02	1.38e+02	2.78e-04	1.00e-04	6.36e+02
511	1.08e+02	1.41e+02	2.81e-04	1.00e-04	6.32e+02
512	1.08e+02	1.44e+02	2.84e-04	1.00e-04	6.28e+02
513	1.09e+02	1.47e+02	2.86e-04	1.00e-04	6.24e+02
514	1.09e+02	1.50e+02	2.89e-04	1.00e-04	6.19e+02
515	1.11e+02	1.54e+02	2.92e-04	1.00e-04	6.15e+02
516	1.12e+02	1.57e+02	2.95e-04	1.00e-04	6.12e+02
517	1.16e+02	1.60e+02	2.98e-04	1.00e-04	6.08e+02
518	1.21e+02	1.63e+02	3.00e-04	1.00e-04	6.04e+02
519	1.25e+02	1.66e+02	3.03e-04	1.00e-04	6.00e+02
520	1.30e+02	1.69e+02	3.06e-04	1.00e-04	5.96e+02
521	1.36e+02	1.73e+02	3.09e-04	1.00e-04	5.92e+02
522	1.42e+02	1.76e+02	3.12e-04	1.00e-04	5.88e+02
523	1.49e+02	1.80e+02	3.14e-04	1.00e-04	5.85e+02
524	1.57e+02	1.84e+02	3.17e-04	1.00e-04	5.81e+02
525	1.65e+02	1.88e+02	3.20e-04	1.00e-04	5.77e+02
526	1.74e+02	1.92e+02	3.25e-04	1.00e-04	5.74e+02
527	1.83e+02	1.97e+02	3.30e-04	1.00e-04	5.70e+02
528	1.93e+02	2.01e+02	3.36e-04	1.00e-04	5.66e+02
529	2.03e+02	2.05e+02	3.41e-04	1.00e-04	5.63e+02
530	2.14e+02	2.09e+02	3.46e-04	1.00e-04	5.59e+02
531	2.24e+02	2.13e+02	3.51e-04	1.00e-04	5.56e+02
532	2.35e+02	2.17e+02	3.56e-04	1.00e-04	5.52e+02
533	2.43e+02	2.21e+02	3.62e-04	1.00e-04	5.49e+02
534	2.51e+02	2.25e+02	3.67e-04	1.00e-04	5.46e+02
535	2.59e+02	2.29e+02	3.72e-04	1.00e-04	5.42e+02
536	2.66e+02	2.33e+02	3.77e-04	1.00e-04	5.39e+02
537	2.72e+02	2.37e+02	3.82e-04	1.00e-04	5.35e+02
538	2.77e+02	2.41e+02	3.88e-04	1.00e-04	5.32e+02
539	2.81e+02	2.45e+02	3.93e-04	1.00e-04	5.29e+02
540	2.85e+02	2.49e+02	3.98e-04	1.00e-04	5.26e+02
541	2.85e+02	2.54e+02	4.03e-04	1.00e-04	5.22e+02
542	2.85e+02	2.58e+02	4.08e-04	1.00e-04	5.19e+02
543	2.82e+02	2.62e+02	4.14e-04	1.00e-04	5.16e+02
544	2.79e+02	2.66e+02	4.19e-04	1.00e-04	5.13e+02
545	2.73e+02	2.70e+02	4.24e-04	1.00e-04	5.10e+02
546	2.67e+02	2.75e+02	4.29e-04	1.00e-04	5.07e+02
547	2.58e+02	2.78e+02	4.34e-04	1.00e-04	5.04e+02
548	2.50e+02	2.81e+02	4.40e-04	1.00e-04	5.00e+02
549	2.40e+02	2.84e+02	4.45e-04	1.00e-04	4.97e+02
550	2.30e+02	2.86e+02	4.50e-04	1.00e-04	4.94e+02
551	2.21e+02	2.88e+02	4.64e-04	1.00e-04	4.91e+02
552	2.12e+02	2.90e+02	4.77e-04	1.00e-04	4.89e+02
553	2.05e+02	2.91e+02	4.91e-04	1.00e-04	4.86e+02
554	1.97e+02	2.92e+02	5.04e-04	1.00e-04	4.83e+02
555	1.91e+02	2.92e+02	5.18e-04	1.00e-04	4.80e+02
556	1.85e+02	2.92e+02	5.32e-04	1.00e-04	4.77e+02
557	1.82e+02	2.91e+02	5.45e-04	1.00e-04	4.74e+02
558	1.79e+02	2.90e+02	5.59e-04	1.00e-04	4.71e+02
559	1.77e+02	2.89e+02	5.72e-04	1.00e-04	4.68e+02
560	1.75e+02	2.88e+02	5.86e-04	1.00e-04	4.66e+02
561	1.75e+02	2.84e+02	6.00e-04	1.00e-04	4.63e+02
562	1.75e+02	2.80e+02	6.13e-04	1.00e-04	4.60e+02
563	1.78e+02	2.75e+02	6.27e-04	1.00e-04	4.57e+02
564	1.82e+02	2.71e+02	6.40e-04	1.00e-04	4.55e+02
565	1.89e+02	2.66e+02	6.54e-04	1.00e-04	4.52e+02
566	1.95e+02	2.61e+02	6.68e-04	1.00e-04	4.49e+02
567	2.05e+02	2.56e+02	6.81e-04	1.00e-04	4.47e+02
568	2.15e+02	2.51e+02	6.95e-04	1.00e-04	4.44e+02
569	2.27e+02	2.46e+02	7.08e-04	1.00e-04	4.42e+02
570	2.38e+02	2.41e+02	7.22e-04	1.00e-04	4.39e+02
571	2.51e+02	2.37e+02	7.36e-04	1.00e-04	4.36e+02
572	2.63e+02	2.32e+02	7.49e-04	1.00e-04	4.34e+02
573	2.74e+02	2.28e+02	7.63e-04	1.00e-04	4.31e+02
574	2.85e+02	2.23e+02	7.76e-04	1.00e-04	4.29e+02
575	2.91e+02	2.19e+02	7.90e-04	1.00e-04	4.26e+02
576	2.97e+02	2.15e+02	8.50e-04	1.00e-04	4.24e+02
577	2.95e+02	2.10e+02	9.11e-04	1.00e-04	4.22e+02
578	2.93e+02	2.06e+02	9.71e-04	1.00e-04	4.19e+02
579	2.81e+02	2.02e+02	1.03e-03	1.00e-04	4.17e+02
580	2.68e+02	1.98e+02	1.09e-03	1.00e-04	4.14e+02
581	2.50e+02	1.95e+02	1.15e-03	1.00e-04	4.12e+02
582	2.32e+02	1.91e+02	1.21e-03	1.00e-04	4.10e+02
583	2.09e+02	1.87e+02	1.27e-03	1.00e-04	4.07e+02
584	1.85e+02	1.84e+02	1.33e-03	1.00e-04	4.05e+02
585	1.64e+02	1.80e+02	1.39e-03	1.00e-04	4.03e+02
586	1.42e+02	1.76e+02	1.45e-03	1.00e-04	4.00e+02
587	1.24e+02	1.71e+02	1.51e-03	1.00e-04	3.98e+02
588	1.06e+02	1.66e+02	1.58e-03	1.00e-04	3.96e+02
589	9.15e+01	1.59e+02	1.64e-03	1.00e-04	3.94e+02
590	7.71e+01	1.52e+02	1.70e-03	1.00e-04	3.91e+02
591	6.66e+01	1.44e+02	1.76e-03	1.00e-04	3.89e+02
592	5.61e+01	1.36e+02	1.82e-03	1.00e-04	3.87e+02
593	4.86e+01	1.29e+02	1.88e-03	1.00e-04	3.85e+02
594	4.11e+01	1.21e+02	1.94e-03	1.00e-04	3.83e+02
595	3.58e+01	1.13e+02	2.00e-03	1.00e-04	3.81e+02
596	3.04e+01	1.06e+02	2.06e-03	1.00e-04	3.78e+02
597	2.73e+01	9.87e+01	2.12e-03	1.00e-04	3.76e+02
598	2.41e+01	9.13e+01	2.18e-03	1.00e-04	3.74e+02
599	2.06e+01	8.50e+01	2.24e-03	1.00e-04	3.72e+02
600	1.71e+01	7.86e+01	2.30e-03	1.00e-04	3.70e+02
601	1.57e+01	7.58e+01	2.32e-03	1.00e-04	3.68e+02
602	1.43e+01	7.29e+01	2.34e-03	1.00e-04	3.66e+02
603	1.28e+01	7.01e+01	2.36e-03	1.00e-04	3.64e+02
604	1.14e+01	6.73e+01	2.38e-03	1.00e-04	3.62e+02
605	1.05e+01	6.45e+01	2.40e-03	1.00e-04	3.60e+02
606	9.58e+00	6.17e+01	2.42e-03	1.00e-04	3.58e+02
607	9.20e+00	5.89e+01	2.44e-03	1.00e-04	3.56e+02
608	8.82e+00	5.61e+01	2.46e-03	1.00e-04	3.54e+02
609	8.44e+00	5.33e+01	2.48e-03	1.00e-04	3.52e+02
610	8.06e+00	5.06e+01	2.50e-03	1.00e-04	3.50e+02
611	7.69e+00	4.83e+01	2.52e-03	1.00e-04	3.48e+02
612	7.31e+00	4.60e+01	2.54e-03	1.00e-04	3.46e+02
613	6.93e+00	4.38e+01	2.56e-03	1.00e-04	3.45e+02
614	6.55e+00	4.16e+01	2.58e-03	1.00e-04	3.43e+02
615	6.25e+00	4.04e+01	2.60e-03	1.00e-04	3.41e+02
616	5.94e+00	3.93e+01	2.62e-03	1.00e-04	3.39e+02
617	5.72e+00	3.82e+01	2.64e-03	1.00e-04	3.37e+02
618	5.49e+00	3.71e+01	2.66e-03	1.00e-04	3.35e+02
619	5.27e+00	3.60e+01	2.68e-03	1.00e-04	3.34e+02
620	5.04e+00	3.49e+01	2.70e-03	1.00e-04	3.32e+02
621	4.82e+00	3.40e+01	2.72e-03	1.00e-04	3.30e+02
622	4.59e+00	3.32e+01	2.74e-03	1.00e-04	3.28e+02
623	4.37e+00	3.24e+01	2.76e-03	1.00e-04	3.27e+02
624	4.14e+00	3.16e+01	2.78e-03	1.00e-04	3.25e+02
625	3.97e+00	3.09e+01	2.80e-03	1.00e-04	3.23e+02
626	3.79e+00	3.01e+01	2.82e-03	1.00e-04	3.21e+02
627	3.66e+00	2.94e+01	2.83e-03	1.00e-04	3.20e+02
628	3.53e+00	2.87e+01	2.85e-03	1.00e-04	3.18e+02
629	3.40e+00	2.82e+01	2.86e-03	1.00e-04	3.16e+02
630	3.27e+00	2.76e+01	2.88e-03	1.00e-04	3.15e+02
631	3.14e+00	2.70e+01	2.90e-03	1.00e-04	3.13e+02
632	3.01e+00	2.64e+01	2.91e-03	1.00e-04	3.11e+02
633	2.87e+00	2.59e+01	2.93e-03	1.00e-04	3.10e+02
634	2.74e+00	2.53e+01	2.94e-03	1.00e-04	3.08e+02
635	2.65e+00	2.50e+01	2.96e-03	1.00e-04	3.06e+02
636	2.56e+00	2.46e+01	2.98e-03	1.00e-04	3.05e+02
637	2.51e+00	2.43e+01	2.99e-03	1.00e-04	3.03e+02
638	2.47e+00	2.40e+01	3.01e-03	1.00e-04	3.02e+02
639	2.42e+00	2.36e+01	3.02e-03	1.00e-04	3.00e+02
640	2.37e+00	2.33e+01	3.04e-03	1.00e-04	2.99e+02
641	2.32e+00	2.29e+01	3.06e-03	1.00e-04	2.97e+02
642	2.27e+00	2.26e+01	3.07e-03	1.00e-04	2.95e+02
643	2.22e+00	2.22e+01	3.09e-03	1.00e-04	2.94e+02
644	2.17e+00	2.19e+01	3.10e-03	1.00e-04	2.92e+02
645	2.13e+00	2.16e+01	3.12e-03	1.00e-04	2.91e+02
646	2.09e+00	2.12e+01	3.14e-03	1.00e-04	2.89e+02
647	2.06e+00	2.09e+01	3.15e-03	1.00e-04	2.88e+02
648	2.03e+00	2.07e+01	3.17e-03	1.00e-04	2.86e+02
649	2.00e+00	2.04e+01	3.18e-03	1.00e-04	2.85e+02
650	1.97e+00	2.01e+01	3.20e-03	1.00e-04	2.83e+02
651	1.94e+00	1.98e+01	3.24e-03	1.00e-04	2.82e+02
652	1.91e+00	1.95e+01	3.28e-03	1.00e-04	2.81e+02
653	1.88e+00	1.92e+01	3.31e-03	1.00e-04	2.79e+02
654	1.85e+00	1.89e+01	3.35e-03	1.00e-04	2.78e+02
655	1.82e+00	1.86e+01	3.39e-03	1.00e-04	2.76e+02
656	1.79e+00	1.84e+01	3.43e-03	1.00e-04	2.75e+02
657	1.77e+00	1.81e+01	3.47e-03	1.00e-04	2.74e+02
658	1.74e+00	1.78e+01	3.50e-03	1.00e-04	2.72e+02
659	1.73e+00	1.75e+01	3.54e-03	1.00e-04	2.71e+02
660	1.71e+00	1.73e+01	3.58e-03	1.00e-04	2.69e+02
661	1.70e+00	1.70e+01	3.62e-03	1.00e-04	2.68e+02
662	1.68e+00	1.68e+01	3.66e-03	1.00e-04	2.67e+02
663	1.67e+00	1.66e+01	3.69e-03	1.00e-04	2.65e+02
664	1.65e+00	1.64e+01	3.73e-03	1.00e-04	2.64e+02
665	1.64e+00	1.61e+01	3.77e-03	1.00e-04	2.63e+02
666	1.62e+00	1.59e+01	3.81e-03	1.00e-04	2.61e+02
667	1.61e+00	1.57e+01	3.85e-03	1.00e-04	2.60e+02
668	1.60e+00	1.54e+01	3.88e-03	1.00e-04	2.59e+02
669	1.59e+00	1.52e+01	3.92e-03	1.00e-04	2.58e+02
670	1.57e+00	1.50e+01	3.96e-03	1.00e-04	2.56e+02
671	1.56e+00	1.47e+01	4.00e-03	1.00e-04	2.55e+02
672	1.55e+00	1.45e+01	4.04e-03	1.00e-04	2.54e+02
673	1.54e+00	1.43e+01	4.07e-03	1.00e-04	2.52e+02
674	1.53e+00	1.41e+01	4.11e-03	1.00e-04	2.51e+02
675	1.52e+00	1.39e+01	4.15e-03	1.00e-04	2.50e+02
676	1.51e+00	1.37e+01	4.22e-03	1.00e-04	2.49e+02
677	1.50e+00	1.35e+01	4.30e-03	1.00e-04	2.48e+02
678	1.50e+00	1.33e+01	4.37e-03	1.00e-04	2.46e+02
679	1.49e+00	1.31e+01	4.45e-03	1.00e-04	2.45e+02
680	1.49e+00	1.29e+01	4.52e-03	1.00e-04	2.44e+02
681	1.48e+00	1.27e+01	4.59e-03	1.00e-04	2.43e+02
682	1.48e+00	1.25e+01	4.67e-03	1.00e-04	2.42e+02
683	1.47e+00	1.23e+01	4.74e-03	1.00e-04	2.40e+02
684	1.47e+00	1.21e+01	4.82e-03	1.00e-04	2.39e+02
685	1.47e+00	1.19e+01	4.89e-03	1.00e-04	2.38e+02
686	1.46e+00	1.17e+01	4.96e-03	1.00e-04	2.37e+02
687	1.47e+00	1.15e+01	5.04e-03	1.00e-04	2.36e+02
688	1.47e+00	1.13e+01	5.11e-03	1.00e-04	2.35e+02
689	1.47e+00	1.12e+01	5.19e-03	1.00e-04	2.33e+02
690	1.48e+00	1.10e+01	5.26e-03	1.00e-04	2.32e+02
691	1.48e+00	1.09e+01	5.33e-03	1.00e-04	2.31e+02
692	1.49e+00	1.07e+01	5.41e-03	1.00e-04	2.30e+02
693	1.49e+00	1.06e+01	5.48e-03	1.00e-04	2.29e+02
694	1.50e+00	1.04e+01	5.56e-03	1.00e-04	2.28e+02
695	1.50e+00	1.03e+01	5.63e-03	1.00e-04	2.27e+02
696	1.51e+00	1.02e+01	5.70e-03	1.00e-04	2.26e+02
697	1.52e+00	1.00e+01	5.78e-03	1.00e-04	2.25e+02
698	1.53e+00	9.89e+00	5.85e-03	1.00e-04	2.24e+02
699	1.54e+00	9.75e+00	5.93e-03	1.00e-04	2.23e+02
700	1.55e+00	9.61e+00	6.00e-03	1.00e-04	2.21e+02
701	1.56e+00	9.47e+00	6.40e-03	1.00e-04	2.20e+02
702	1.57e+00	9.32e+00	6.79e-03	1.00e-04	2.19e+02
703	1.59e+00	9.18e+00	7.19e-03	1.00e-04	2.18e+02
704	1.60e+00	9.04e+00	7.58e-03	1.00e-04	2.17e+02
705	1.61e+00	8.90e+00	7.98e-03	1.00e-04	2.16e+02
706	1.62e+00	8.75e+00	8.38e-03	1.00e-04	2.15e+02
707	1.64e+00	8.62e+00	8.77e-03	1.00e-04	2.14e+02
708	1.65e+00	8.48e+00	9.17e-03	1.00e-04	2.13e+02
709	1.67e+00	8.36e+00	9.56e-03	1.00e-04	2.12e+02
710	1.68e+00	8.25e+00	9.96e-03	1.00e-04	2.11e+02
711	1.70e+00	8.13e+00	1.04e-02	1.00e-04	2.10e+02
712	1.71e+00	8.02e+00	1.08e-02	1.00e-04	2.09e+02
713	1.73e+00	7.90e+00	1.11e-02	1.00e-04	2.08e+02
714	1.74e+00	7.79e+00	1.15e-02	1.00e-04	2.07e+02
715	1.76e+00	7.67e+00	1.19e-02	1.00e-04	2.06e+02
716	1.78e+00	7.56e+00	1.23e-02	1.00e-04	2.05e+02
717	1.80e+00	7.44e+00	1.27e-02	1.00e-04	2.04e+02
718	1.82e+00	7.33e+00	1.31e-02	1.00e-04	2.04e+02
719	1.84e+00	7.21e+00	1.35e-02	1.00e-04	2.03e+02
720	1.86e+00	7.10e+00	1.39e-02	1.00e-04	2.02e+02
721	1.88e+00	6.99e+00	1.43e-02	1.00e-04	2.01e+02
722	1.91e+00	6.88e+00	1.47e-02	1.00e-04	2.00e+02
723	1.93e+00	6.77e+00	1.51e-02	1.00e-04	1.99e+02
724	1.95e+00	6.66e+00	1.55e-02	1.00e-04	1.98e+02
725	1.97e+00	6.55e+00	1.59e-02	1.00e-04	1.97e+02
726	1.99e+00	6.45e+00	1.63e-02	1.00e-04	1.96e+02
727	2.02e+00	6.31e+00	1.67e-02	1.00e-04	1.95e+02
728	2.04e+00	6.17e+00	1.71e-02	1.00e-04	1.94e+02
729	2.06e+00	6.04e+00	1.75e-02	1.00e-04	1.93e+02
730	2.09e+00	5.90e+00	1.79e-02	1.00e-04	1.93e+02
731	2.11e+00	5.90e+00	1.83e-02	1.00e-04	1.92e+02
732	2.14e+00	5.90e+00	1.87e-02	1.00e-04	1.91e+02
733	2.16e+00	5.90e+00	1.91e-02	1.00e-04	1.90e+02
734	2.18e+00	5.90e+00	1.95e-02	1.00e-04	1.89e+02
735	2.21e+00	5.90e+00	1.99e-02	1.00e-04	1.88e+02
736	2.24e+00	5.90e+00	2.03e-02	1.00e-04	1.87e+02
737	2.28e+00	5.90e+00	2.07e-02	1.00e-04	1.87e+02
738	2.32e+00	5.89e+00	2.12e-02	1.00e-04	1.86e+02
739	2.35e+00	5.93e+00	2.16e-02	1.00e-04	1.85e+02
740	2.39e+00	5.98e+00	2.20e-02	1.00e-04	1.84e+02
741	2.42e+00	6.10e+00	2.24e-02	1.00e-04	1.83e+02
742	2.46e+00	6.22e+00	2.28e-02	1.00e-04	1.82e+02
743	2.50e+00	6.34e+00	2.32e-02	1.00e-04	1.82e+02
744	2.53e+00	6.47e+00	2.36e-02	1.00e-04	1.81e+02
745	2.57e+00	6.62e+00	2.40e-02	1.00e-04	1.80e+02
746	2.61e+00	6.78e+00	2.44e-02	1.00e-04	1.79e+02
747	2.65e+00	6.96e+00	2.48e-02	1.00e-04	1.78e+02
748	2.69e+00	7.14e+00	2.52e-02	1.00e-04	1.78e+02
749	2.73e+00	7.33e+00	2.56e-02	1.00e-04	1.77e+02
750	2.77e+00	7.52e+00	2.60e-02	1.00e-04	1.76e+02
751	2.81e+00	7.82e+00	2.59e-02	1.00e-04	1.75e+02
752	2.86e+00	8.11e+00	2.58e-02	1.00e-04	1.74e+02
753	2.90e+00	8.19e+00	2.58e-02	1.00e-04	1.74e+02
754	2.94e+00	8.26e+00	2.57e-02	1.00e-04	1.73e+02
755	2.97e+00	8.31e+00	2.56e-02	1.00e-04	1.72e+02
756	3.01e+00	8.36e+00	2.55e-02	1.00e-04	1.71e+02
757	3.04e+00	8.36e+00	2.54e-02	1.00e-04	1.71e+02
758	3.07e+00	8.36e+00	2.54e-02	1.00e-04	1.70e+02
759	3.11e+00	8.32e+00	2.53e-02	1.00e-04	1.69e+02
760	3.14e+00	8.29e+00	2.52e-02	1.00e-04	1.68e+02
761	3.17e+00	8.18e+00	2.51e-02	1.00e-04	1.68e+02
762	3.20e+00	8.08e+00	2.50e-02	1.00e-04	1.67e+02
763	3.23e+00	7.95e+00	2.50e-02	1.00e-04	1.66e+02
764	3.27e+00	7.82e+00	2.49e-02	1.00e-04	1.66e+02
765	3.30e+00	7.68e+00	2.48e-02	1.00e-04	1.65e+02
766	3.33e+00	7.55e+00	2.47e-02	1.00e-04	1.64e+02
767	3.37e+00	7.42e+00	2.46e-02	1.00e-04	1.63e+02
768	3.41e+00	7.29e+00	2.46e-02	1.00e-04	1.63e+02
769	3.44e+00	7.16e+00	2.45e-02	1.00e-04	1.62e+02
770	3.48e+00	7.02e+00	2.44e-02	1.00e-04	1.61e+02
771	3.52e+00	6.89e+00	2.43e-02	1.00e-04	1.61e+02
772	3.55e+00	6.76e+00	2.42e-02	1.00e-04	1.60e+02
773	3.59e+00	6.63e+00	2.42e-02	1.00e-04	1.59e+02
774	3.63e+00	6.50e+00	2.41e-02	1.00e-04	1.59e+02
775	3.66e+00	6.36e+00	2.40e-02	1.00e-04	1.58e+02
776	3.69e+00	6.23e+00	2.38e-02	1.00e-04	1.57e+02
777	3.72e+00	6.10e+00	2.37e-02	1.00e-04	1.56e+02
778	3.75e+00	5.97e+00	2.35e-02	1.00e-04	1.56e+02
779	3.77e+00	5.86e+00	2.34e-02	1.00e-04	1.55e+02
780	3.80e+00	5.76e+00	2.32e-02	1.00e-04	1.54e+02
781	3.83e+00	5.65e+00	2.30e-02	1.00e-04	1.54e+02
782	3.86e+00	5.55e+00	2.29e-02	1.00e-04	1.53e+02
783	3.89e+00	5.44e+00	2.27e-02	1.00e-04	1.53e+02
784	3.91e+00	5.34e+00	2.26e-02	1.00e-04	1.52e+02
785	3.94e+00	5.23e+00	2.24e-02	1.00e-04	1.51e+02
786	3.96e+00	5.13e+00	2.22e-02	1.00e-04	1.51e+02
787	3.98e+00	5.03e+00	2.21e-02	1.00e-04	1.50e+02
788	4.01e+00	4.94e+00	2.19e-02	1.00e-04	1.49e+02
789	4.03e+00	4.85e+00	2.18e-02	1.00e-04	1.49e+02
790	4.05e+00	4.77e+00	2.16e-02	1.00e-04	1.48e+02
791	4.07e+00	4.69e+00	2.14e-02	1.00e-04	1.47e+02
792	4.09e+00	4.60e+00	2.13e-02	1.00e-04	1.47e+02
793	4.11e+00	4.52e+00	2.11e-02	1.00e-04	1.46e+02
794	4.13e+00	4.44e+00	2.10e-02	1.00e-04	1.46e+02
795	4.17e+00	4.37e+00	2.08e-02	1.00e-04	1.45e+02
796	4.21e+00	4.30e+00	2.06e-02	1.00e-04	1.44e+02
797	4.27e+00	4.24e+00	2.05e-02	1.00e-04	1.44e+02
798	4.32e+00	4.19e+00	2.03e-02	1.00e-04	1.43e+02
799	4.35e+00	4.13e+00	2.02e-02	1.00e-04	1.43e+02
800	4.37e+00	4.08e+00	2.00e-02	1.00e-04	1.42e+02
801	4.40e+00	4.03e+00	2.00e-02	1.00e-04	1.41e+02
802	4.43e+00	3.98e+00	2.00e-02	1.00e-04	1.41e+02
803	4.46e+00	3.97e+00	2.00e-02	1.00e-04	1.40e+02
804	4.48e+00	3.95e+00	1.99e-02	1.00e-04	1.40e+02
805	4.50e+00	3.93e+00	1.99e-02	1.00e-04	1.39e+02
806	4.52e+00	3.91e+00	1.99e-02	1.00e-04	1.38e+02
807	4.55e+00	3.89e+00	1.99e-02	1.00e-04	1.38e+02
808	4.58e+00	3.87e+00	1.99e-02	1.00e-04	1.37e+02
809	4.61e+00	3.86e+00	1.99e-02	1.00e-04	1.37e+02
810	4.63e+00	3.84e+00	1.99e-02	1.00e-04	1.36e+02
811	4.65e+00	3.83e+00	2.03e-02	1.00e-04	1.36e+02
812	4.67e+00	3.81e+00	2.07e-02	1.00e-04	1.35e+02
813	4.69e+00	3.80e+00	2.11e-02	1.00e-04	1.35e+02
814	4.71e+00	3.78e+00	2.15e-02	1.00e-04	1.34e+02
815	4.73e+00	3.77e+00	2.19e-02	1.00e-04	1.33e+02
816	4.75e+00	3.76e+00	2.23e-02	1.00e-04	1.33e+02
817	4.79e+00	3.74e+00	2.27e-02	1.00e-04	1.32e+02
818	4.83e+00	3.73e+00	2.31e-02	1.00e-04	1.32e+02
819	4.87e+00	3.72e+00	2.35e-02	1.00e-04	1.31e+02
820	4.91e+00	3.71e+00	2.39e-02	1.00e-04	1.31e+02
821	4.94e+00	3.71e+00	2.47e-02	1.00e-04	1.30e+02
822	4.98e+00	3.71e+00	2.55e-02	1.00e-04	1.30e+02
823	5.02e+00	3.71e+00	2.64e-02	1.00e-04	1.29e+02
824	5.06e+00	3.71e+00	2.72e-02	1.00e-04	1.29e+02
825	5.09e+00	3.71e+00	2.80e-02	1.00e-04	1.28e+02
826	5.12e+00	3.71e+00	2.82e-02	1.00e-04	1.28e+02
827	5.14e+00	3.71e+00	2.84e-02	1.00e-04	1.27e+02
828	5.17e+00	3.71e+00	2.86e-02	1.00e-04	1.27e+02
829	5.19e+00	3.71e+00	2.89e-02	1.00e-04	1.26e+02
830	5.22e+00	3.71e+00	2.91e-02	1.00e-04	1.26e+02
831	5.24e+00	3.71e+00	2.96e-02	1.00e-04	1.25e+02
832	5.26e+00	3.71e+00	3.02e-02	1.00e-04	1.25e+02
833	5.29e+00	3.71e+00	3.08e-02	1.00e-04	1.24e+02
834	5.31e+00	3.71e+00	3.13e-02	1.00e-04	1.24e+02
835	5.34e+00	3.71e+00	3.19e-02	1.00e-04	1.23e+02
836	5.36e+00	3.71e+00	3.25e-02	1.00e-04	1.23e+02
837	5.39e+00	3.71e+00	3.30e-02	1.00e-04	1.22e+02
838	5.42e+00	3.71e+00	3.36e-02	1.00e-04	1.22e+02
839	5.44e+00	3.71e+00	3.41e-02	1.00e-04	1.21e+02
840	5.47e+00	3.71e+00	3.47e-02	1.00e-04	1.21e+02
841	5.50e+00	3.71e+00	3.55e-02	1.00e-04	1.20e+02
842	5.53e+00	3.71e+00	3.64e-02	1.00e-04	1.20e+02
843	5.56e+00	3.71e+00	3.72e-02	1.00e-04	1.19e+02
844	5.58e+00	3.71e+00	3.80e-02	1.00e-04	1.19e+02
845	5.60e+00	3.70e+00	3.89e-02	1.00e-04	1.18e+02
846	5.62e+00	3.70e+00	3.97e-02	1.00e-04	1.18e+02
847	5.63e+00	3.70e+00	4.05e-02	1.00e-04	1.17e+02
848	5.64e+00	3.70e+00	4.13e-02	1.00e-04	1.17e+02
849	5.65e+00	3.70e+00	4.22e-02	1.00e-04	1.16e+02
850	5.67e+00	3.70e+00	4.30e-02	1.00e-04	1.16e+02
851	5.68e+00	3.70e+00	4.34e-02	1.00e-04	1.16e+02
852	5.69e+00	3.70e+00	4.38e-02	1.00e-04	1.15e+02
853	5.70e+00	3.70e+00	4.41e-02	1.00e-04	1.15e+02
854	5.71e+00	3.70e+00	4.45e-02	1.00e-04	1.14e+02
855	5.73e+00	3.70e+00	4.49e-02	1.00e-04	1.14e+02
856	5.74e+00	3.70e+00	4.53e-02	1.00e-04	1.13e+02
857	5.77e+00	3.70e+00	4.56e-02	1.00e-04	1.13e+02
858	5.80e+00	3.71e+00	4.60e-02	1.00e-04	1.12e+02
859	5.82e+00	3.71e+00	4.64e-02	1.00e-04	1.12e+02
860	5.85e+00	3.72e+00	4.68e-02	1.00e-04	1.12e+02
861	5.87e+00	3.72e+00	4.73e-02	1.00e-04	1.11e+02
862	5.90e+00	3.73e+00	4.78e-02	1.00e-04	1.11e+02
863	5.92e+00	3.73e+00	4.83e-02	1.00e-04	1.10e+02
864	5.95e+00	3.74e+00	4.89e-02	1.00e-04	1.10e+02
865	5.97e+00	3.74e+00	4.94e-02	1.00e-04	1.09e+02
866	5.99e+00	3.75e+00	4.99e-02	1.00e-04	1.09e+02
867	6.00e+00	3.75e+00	5.04e-02	1.00e-04	1.09e+02
868	6.01e+00	3.76e+00	5.10e-02	1.00e-04	1.08e+02
869	6.03e+00	3.77e+00	5.15e-02	1.00e-04	1.08e+02
870	6.04e+00	3.78e+00	5.20e-02	1.29e-03	1.07e+02
871	6.05e+00	3.79e+00	5.28e-02	1.08e-03	1.07e+02
872	6.07e+00	3.80e+00	5.36e-02	1.49e-03	1.07e+02
873	6.08e+00	3.81e+00	5.44e-02	2.45e-03	1.06e+02
874	6.09e+00	3.82e+00	5.52e-02	2.79e-03	1.06e+02
875	6.11e+00	3.83e+00	5.60e-02	3.67e-03	1.05e+02
876	6.12e+00	3.85e+00	5.60e-02	4.79e-03	1.05e+02
877	6.13e+00	3.86e+00	5.60e-02	5.63e-03	1.05e+02
878	6.15e+00	3.87e+00	5.60e-02	6.84e-03	1.04e+02
879	6.16e+00	3.88e+00	5.60e-02	7.68e-03	1.04e+02
880	6.18e+00	3.89e+00	5.60e-02	8.51e-03	1.03e+02
881	6.19e+00	3.90e+00	5.64e-02	9.57e-03	1.03e+02
882	6.21e+00	3.91e+00	5.69e-02	1.10e-02	1.03e+02
883	6.22e+00	3.92e+00	5.73e-02	1.29e-02	1.02e+02
884	6.24e+00	3.93e+00	5.78e-02	1.45e-02	1.02e+02
885	6.25e+00	3.94e+00	5.82e-02	1.37e-02	1.01e+02
886	6.27e+00	3.94e+00	5.87e-02	1.61e-02	1.01e+02
887	6.28e+00	3.95e+00	5.91e-02	1.72e-02	1.01e+02
888	6.29e+00	3.96e+00	5.95e-02	1.71e-02	1.00e+02
889	6.30e+00	3.97e+00	6.00e-02	1.97e-02	9.99e+01
890	6.31e+00	3.98e+00	6.04e-02	2.17e-02	9.96e+01
891	6.32e+00	3.99e+00	6.12e-02	2.30e-02	9.92e+01
892	6.33e+00	4.00e+00	6.19e-02	2.49e-02	9.88e+01
893	6.34e+00	4.01e+00	6.27e-02	2.68e-02	9.84e+01
894	6.35e+00	4.02e+00	6.35e-02	2.79e-02	9.81e+01
895	6.36e+00	4.03e+00	6.42e-02	2.92e-02	9.77e+01
896	6.37e+00	4.04e+00	6.50e-02	3.09e-02	9.74e+01
897	6.38e+00	4.05e+00	6.57e-02	3.29e-02	9.70e+01
898	6.39e+00	4.06e+00	6.65e-02	3.43e-02	9.66e+01
899	6.40e+00	4.07e+00	6.72e-02	3.55e-02	9.63e+01
900	6.42e+00	4.08e+00	6.80e-02	3.79e-02	9.59e+01
901	6.43e+00	4.09e+00	6.85e-02	4.10e-02	9.56e+01
902	6.44e+00	4.10e+00	6.90e-02	4.35e-02	9.52e+01
903	6.45e+00	4.10e+00	6.95e-02	4.55e-02	9.49e+01
904	6.46e+00	4.11e+00	7.00e-02	4.81e-02	9.45e+01
905	6.47e+00	4.12e+00	7.05e-02	5.09e-02	9.42e+01
906	6.48e+00	4.12e+00	7.09e-02	5.07e-02	9.38e+01
907	6.48e+00	4.13e+00	7.14e-02	5.31e-02	9.35e+01
908	6.49e+00	4.13e+00	7.19e-02	5.65e-02	9.31e+01
909	6.49e+00	4.14e+00	7.24e-02	5.90e-02	9.28e+01
910	6.50e+00	4.15e+00	7.29e-02	6.18e-02	9.25e+01
911	6.51e+00	4.15e+00	7.65e-02	6.49e-02	9.21e+01
912	6.51e+00	4.16e+00	8.02e-02	6.82e-02	9.18e+01
913	6.52e+00	4.16e+00	8.38e-02	7.12e-02	9.14e+01
914	6.53e+00	4.17e+00	8.75e-02	7.26e-02	9.11e+01
915	6.53e+00	4.17e+00	9.11e-02	7.77e-02	9.08e+01
916	6.54e+00	4.17e+00	9.47e-02	7.98e-02	9.05e+01
917	6.54e+00	4.17e+00	9.84e-02	8.02e-02	9.01e+01
918	6.55e+00	4.16e+00	1.02e-01	8.37e-02	8.98e+01
919	6.55e+00	4.16e+00	1.06e-01	8.64e-02	8.95e+01
920	6.55e+00	4.16e+00	1.09e-01	8.79e-02	8.92e+01
921	6.56e+00	4.16e+00	1.16e-01	8.87e-02	8.88e+01
922	6.56e+00	4.16e+00	1.23e-01	9.04e-02	8.85e+01
923	6.57e+00	4.16e+00	1.30e-01	9.27e-02	8.82e+01
924	6.57e+00	4.16e+00	1.37e-01	9.29e-02	8.79e+01
925	6.57e+00	4.15e+00	1.44e-01	9.41e-02	8.76e+01
926	6.57e+00	4.14e+00	1.50e-01	9.51e-02	8.72e+01
927	6.56e+00	4.12e+00	1.56e-01	9.44e-02	8.69e+01
928	6.56e+00	4.11e+00	1.61e-01	9.52e-02	8.66e+01
929	6.55e+00	4.10e+00	1.67e-01	9.56e-02	8.63e+01
930	6.54e+00	4.09e+00	1.73e-01	9.50e-02	8.60e+01
931	6.54e+00	4.06e+00	1.82e-01	9.27e-02	8.57e+01
932	6.53e+00	4.03e+00	1.92e-01	9.06e-02	8.54e+01
933	6.52e+00	3.99e+00	2.01e-01	8.98e-02	8.51e+01
934	6.52e+00	3.95e+00	2.11e-01	8.78e-02	8.48e+01
935	6.51e+00	3.91e+00	2.20e-01	8.08e-02	8.45e+01
936	6.51e+00	3.87e+00	2.30e-01	8.44e-02	8.42e+01
937	6.51e+00	3.83e+00	2.39e-01	8.07e-02	8.39e+01
938	6.51e+00	3.79e+00	2.48e-01	7.51e-02	8.36e+01
939	6.50e+00	3.75e+00	2.58e-01	7.08e-02	8.33e+01
940	6.50e+00	3.71e+00	2.67e-01	6.66e-02	8.30e+01
941	6.50e+00	3.67e+00	2.80e-01	6.03e-02	8.27e+01
942	6.50e+00	3.63e+00	2.92e-01	5.40e-02	8.24e+01
943	6.49e+00	3.59e+00	3.04e-01	4.94e-02	8.21e+01
944	6.49e+00	3.54e+00	3.16e-01	4.10e-02	8.18e+01
945	6.49e+00	3.48e+00	3.29e-01	3.14e-02	8.15e+01
946	6.48e+00	3.43e+00	3.41e-01	3.01e-02	8.13e+01
947	6.47e+00	3.38e+00	3.53e-01	2.49e-02	8.10e+01
948	6.46e+00	3.33e+00	3.65e-01	2.05e-02	8.07e+01
949	6.46e+00	3.28e+00	3.78e-01	1.78e-02	8.04e+01
950	6.45e+00	3.22e+00	3.90e-01	1.27e-02	8.01e+01
951	6.44e+00	3.17e+00	3.93e-01	7.33e-03	7.98e+01
952	6.43e+00	3.12e+00	3.96e-01	5.02e-03	7.96e+01
953	6.42e+00	3.09e+00	3.99e-01	5.03e-03	7.93e+01
954	6.41e+00	3.05e+00	4.02e-01	2.10e-03	7.90e+01
955	6.40e+00	3.01e+00	4.05e-01	1.00e-04	7.87e+01
956	6.39e+00	2.97e+00	4.08e-01	1.00e-04	7.85e+01
957	6.38e+00	2.93e+00	4.11e-01	1.00e-04	7.82e+01
958	6.37e+00	2.89e+00	4.14e-01	1.00e-04	7.79e+01
959	6.36e+00	2.85e+00	4.17e-01	1.00e-04	7.76e+01
960	6.35e+00	2.81e+00	4.20e-01	1.00e-04	7.74e+01
961	6.34e+00	2.78e+00	4.23e-01	1.00e-04	7.71e+01
962	6.33e+00	2.74e+00	4.26e-01	1.00e-04	7.68e+01
963	6.32e+00	2.69e+00	4.29e-01	1.00e-04	7.66e+01
964	6.31e+00	2.65e+00	4.32e-01	1.00e-04	7.63e+01
965	6.30e+00	2.59e+00	4.35e-01	1.00e-04	7.60e+01
966	6.28e+00	2.53e+00	4.38e-01	1.00e-04	7.58e+01
967	6.27e+00	2.48e+00	4.41e-01	1.00e-04	7.55e+01
968	6.25e+00	2.42e+00	4.44e-01	1.00e-04	7.53e+01
969	6.24e+00	2.36e+00	4.47e-01	1.00e-04	7.50e+01
970	6.22e+00	2.30e+00	4.50e-01	1.00e-04	7.47e+01
971	6.21e+00	2.26e+00	4.50e-01	1.00e-04	7.45e+01
972	6.19e+00	2.22e+00	4.50e-01	1.00e-04	7.42e+01
973	6.18e+00	2.19e+00	4.50e-01	1.00e-04	7.40e+01
974	6.16e+00	2.15e+00	4.50e-01	1.00e-04	7.37e+01
975	6.14e+00	2.12e+00	4.50e-01	1.00e-04	7.35e+01
976	6.13e+00	2.08e+00	4.46e-01	1.00e-04	7.32e+01
977	6.10e+00	2.05e+00	4.42e-01	1.00e-04	7.30e+01
978	6.08e+00	2.01e+00	4.38e-01	1.00e-04	7.27e+01
979	6.06e+00	1.97e+00	4.34e-01	1.00e-04	7.25e+01
980	6.04e+00	1.93e+00	4.30e-01	1.00e-04	7.22e+01
981	6.02e+00	1.88e+00	4.28e-01	1.00e-04	7.20e+01
982	6.00e+00	1.84e+00	4.26e-01	1.00e-04	7.17e+01
983	5.98e+00	1.80e+00	4.24e-01	1.00e-04	7.15e+01
984	5.95e+00	1.76e+00	4.22e-01	1.00e-04	7.13e+01
985	5.93e+00	1.72e+00	4.20e-01	1.00e-04	7.10e+01
986	5.90e+00	1.68e+00	4.18e-01	1.00e-04	7.08e+01
987	5.87e+00	1.64e+00	4.16e-01	1.00e-04	7.05e+01
988	5.84e+00	1.60e+00	4.14e-01	1.00e-04	7.03e+01
989	5.81e+00	1.56e+00	4.12e-01	1.00e-04	7.01e+01
990	5.78e+00	1.52e+00	4.10e-01	1.00e-04	6.98e+01
991	5.75e+00	1.48e+00	4.05e-01	1.00e-04	6.96e+01
992	5.72e+00	1.43e+00	4.00e-01	1.00e-04	6.94e+01
993	5.69e+00	1.39e+00	3.95e-01	1.00e-04	6.91e+01
994	5.66e+00	1.35e+00	3.90e-01	1.00e-04	6.89e+01
995	5.63e+00	1.31e+00	3.85e-01	1.00e-04	6.87e+01
996	5.60e+00	1.27e+00	3.80e-01	1.00e-04	6.84e+01
997	5.57e+00	1.23e+00	3.75e-01	1.00e-04	6.82e+01
998	5.54e+00	1.19e+00	3.70e-01	1.00e-04	6.80e+01
999	5.51e+00	1.15e+00	3.65e-01	1.00e-04	6.78e+01
1000	5.48e+00	1.11e+00	3.60e-01	1.00e-04	6.75e+01
